73
511
8635
9553
10813
11217
11673
11916
12643
13482
14710
17123
17180
17522
18487
18960
19941
20316
21042
22321
22477
23107
23958
24030
25047
25746
26262
26790
27129
27418
28717
30236
31926
35518
35537
35684
36643
37404
37451
37570
37742
38457
40509
41421
41651
42670
42704
42724
43109
44385
45115
45179
45815
46010
46202
46312
47233
47240
47520
47575
47661
48661
49025
49297
51676
52598
52741
52771
53029
53228
53239
53677
54668
55248
55568
57525
57699
58553
59190
59312
59665
59673
60199
60433
60782
61279
61388
61406
61673
61714
61724
62302
63079
63124
63398
63571
64222
64339
64615
64847
65384
65473
65520
65681
65826
65879
65898
66769
67157
67342
68264
68755
69027
69470
70238
70375
70986
71129
71463
72440
73308
73521
73865
74547
74748
75117
76250
77482
77903
78392
78690
78798
78993
79145
79253
79763
79802
80034
80859
81202
81218
81708
82265
82751
84052
84676
84903
85367
85638
85642
85659
87362
87407
88519
88814
90081
90944
91087
91194
92009
92344
92529
93582
93640
93997
94033
94326
95180
95216
95224
95658
95935
98278
98988
99005
99094
99158
99509
99515
99860
100257
100398
100697
101047
101114
101141
101160
101263
101264
102572
102616
102629
102655
102778
102816
103125
103198
103547
103962
103995
104730
105022
105894
106301
106510
106901
107567
108354
108359
108363
108701
109384
109978
110065
110262
110273
110876
111307
111448
111811
111991
112011
112349
112590
112717
113022
113213
113266
113402
114140
115143
115556
115558
115908
116603
116828
116865
117966
118276
120082
120113
120361
120435
120483
120492
120826
120925
120932
121754
122272
122450
122481
122492
123036
123659
123876
124202
125134
125150
125312
125640
125785
125816
126306
126420
126421
126547
126877
127055
127072
127271
128447
128640
128933
128973
129439
129492
129534
129901
130132
131043
131448
131484
131548
131977
132064
132375
132868
133071
133458
133507
133876
133939
133953
134357
134776
134790
134964
135716
135757
135774
135954
135961
135976
136353
136363
136380
136556
136736
137958
137996
138286
139021
139031
139158
139532
139585
140038
140455
140929
141408
141513
141519
141543
142243
143435
143513
143660
143817
143920
143959
144260
145115
145310
145714
146525
146677
147382
147391
147510
148085
148210
148418
148606
149450
149513
149543
150587
150648
151212
151214
152152
152309
152412
152748
153745
153997
154716
155426
156192
156239
156739
156748
156943
156964
157050
157659
157851
157970
158065
158314
158642
158829
158905
158933
160141
160358
160481
160545
160971
161120
161259
162642
163060
163763
164211
164290
164306
164638
164776
164829
165446
165597
166116
166494
166766
166784
167361
167394
167554
169042
169179
169276
169376
169412
169837
169914
169946
169969
170008
172466
172494
172512
172972
173006
173179
173265
173687
175409
176086
176589
176810
177532
177604
177642
178009
178585
179640
179835
179865
179867
180175
180370
180579
180591
181507
181584
181791
181823
182058
182196
182220
182728
183109
183235
184410
184565
184640
184795
185042
185096
185229
185618
185738
185743
185749
186319
186346
186359
186403
186427
186622
187169
187838
188412
188587
188590
188647
189240
189912
189970
190041
190163
190541
190741
190756
190806
190836
190857
191287
191786
192211
192490
192599
193203
193373
193572
193990
194337
194527
194689
195480
195572
195923
195931
195943
196030
196565
196715
197034
197292
197453
197723
198257
198306
198347
198394
198635
199063
199653
200016
200136
200283
200782
200788
201271
201710
202378
202420
203288
203929
204014
204019
204496
205342
205808
206032
206614
207157
207347
207388
207852
208731
209002
209314
209318
210126
210153
210593
210609
211155
211396
212127
212812
212818
212891
212895
212946
213119
213779
215300
216033
216248
216992
217064
217095
217725
218624
218972
219116
219734
219937
220063
220123
220414
220446
220636
220792
221187
221363
221391
222614
223230
223380
223438
223455
223479
223485
223685
223697
223760
224101
224402
224423
224812
224826
225638
225646
225651
225772
226298
226432
226720
226777
226854
226938
227629
227736
228457
229328
229532
229543
230194
230538
230595
230602
230876
231233
231692
232387
232977
233771
234500
234781
234801
235109
235202
235307
235347
235439
235449
235471
235921
236195
236226
237058
238321
238427
238435
238518
238715
239437
239483
239567
239679
240352
240501
240671
240732
240742
241304
241511
241833
242509
242939
243009
243115
243323
243341
243734
243875
243887
243994
244023
244092
244392
244981
244996
245776
245846
246006
246045
246538
246952
247721
247924
248546
248684
248739
248854
248888
249295
249453
249534
249605
249627
249745
249808
250550
251432
252041
252081
252723
253956
254208
254303
254405
254792
254972
255082
255230
255688
255784
256056
256083
256577
256639
256675
256703
257027
257121
257833
258295
258464
258911
258926
258987
259215
259720
259740
259776
261678
261753
262309
262408
262429
262444
262590
262597
262605
263159
263218
263550
263644
264123
264188
264279
264933
265135
265346
266096
266193
266865
266951
267476
267666
267699
267897
268553
269263
269616
269716
269796
269811
269814
269837
269848
271441
271777
272048
272903
273076
273138
273926
273969
273997
274057
274194
275981
276316
277161
278025
278027
278742
278796
278833
278946
279031
279109
279186
279863
280110
280522
280746
280896
281220
281274
281812
282720
282979
283717
283725
283817
284623
284637
285040
287245
287532
288145
288172
288423
288936
289009
289672
289830
290065
290998
291215
291239
292961
293279
293339
293739
293933
293989
294237
294652
294687
295749
296184
296199
296230
296245
296260
296287
296500
297001
297366
297509
298126
299084
299130
299159
299744
299783
299954
300632
301045
301256
302255
302359
302575
302590
303114
303366
304445
304461
305036
305809
306348
306349
307326
308128
308532
308585
309164
309329
309725
310827
311122
311487
311568
311584
311720
312001
312542
312948
313712
313920
314737
314869
315245
315793
315878
315982
316457
317319
318531
318990
318999
319024
320780
321364
321373
322176
322968
323039
324183
324252
324319
324411
324983
325002
325987
326144
327343
328063
328603
328956
329747
330818
331330
331526
331582
331953
332190
332191
332358
332931
333026
333360
333626
333649
333871
334560
334929
335029
335579
335800
335873
335879
335912
336109
336173
336802
337443
337622
338002
338148
339516
339621
340872
341104
341650
341659
341667
342087
342673
343835
345496
345797
346292
346987
347567
348038
348304
348412
349597
350454
350489
350877
351630
351875
351924
352673
352954
353828
354018
354043
354676
354749
354881
355055
355113
355409
355779
355834
355990
356202
356565
356957
357312
357767
358129
359059
359180
360067
360408
361326
361592
362343
362376
362572
362593
363133
363140
363152
363268
363379
363792
363907
365659
366019
366151
366226
366990
367683
368061
369024
369041
369082
369262
370175
370896
371587
371652
371782
371834
372094
372251
372362
372665
372677
373609
374120
374132
374917
374936
375055
375664
375778
375850
376443
376818
376872
377435
378248
378329
379862
380044
380173
380291
381155
381255
381287
381672
382140
382762
383409
383750
385050
385087
385440
385846
386272
387110
388250
388934
388973
389024
389152
389229
389437
389602
389615
390090
390592
391316
391385
391416
391658
392248
392576
392961
393093
393279
394200
394446
394637
394655
394775
394968
396220
396668
396676
396688
397055
397739
398340
398512
398595
398623
398736
398795
398839
399764
400414
400520
401003
401487
401573
401701
401807
402500
402745
402899
402957
402988
403019
403234
403805
404069
404656
404942
404985
405007
405600
405774
406158
406293
407552
407689
408270
408348
408461
408527
408540
409001
409326
409735
409787
409913
410004
410142
410297
410329
411496
411699
412826
413668
413757
413976
414130
414543
414551
416105
416114
416226
416362
416416
416469
416522
418104
418177
418673
419662
420313
421265
421272
421437
421494
422261
422850
423796
425399
425581
427945
429092
429651
429877
430397
432413
432959
433598
434998
435429
435921
438902
438986
442545
443527
443544
443709
443945
444737
445189
445224
445486
445510
445930
447205
447307
450961
453089
453473
456406
458042
458207
460357
462104
462210
462636
462923
463020
463745
464179
464222
464281
464284
464438
464537
466895
466938
467209
467356
467436
469791
470490
470785
471005
472294
472992
473091
474999
476124
476638
476695
479305
480973
481449
482313
482630
482835
483222
483257
483343
483590
483610
484823
485362
485546
487585
488290
488332
490470
492702
493105
493111
493890
494307
494496
495450
495541
495872
496099
496333
497367
497833
498243
498578
498608
499113
499272
499787
500083
500361
500890
501654
501708
501981
502385
503918
504611
505525
505995
508573
509367
509482
510319
510908
512123
512503
513872
514711
514763
514860
516135
518010
518785
519697
520477
520526
521823
521832
523374
523495
525185
525766
526588
527473
527501
528063
528139
528247
528781
528785
528904
528920
531274
531654
532667
532906
533316
533634
533888
533975
534984
535777
536047
536098
536158
536998
537329
537480
540611
540685
540817
541121
542471
542510
542537
542893
544687
545738
546000
547911
547957
548320
548526
548604
548820
549825
550219
550603
551635
551656
552370
552390
552636
553145
554371
556779
556827
557526
557544
557598
557802
559087
560121
560253
560494
561270
561559
562318
562787
563063
564048
564900
565385
565747
565967
566692
569822
569832
570175
570992
570997
571028
571787
572031
572624
573185
575437
575438
575901
576789
577058
577688
578218
578698
578733
580192
580716
581378
581380
581571
583153
588134
588149
588402
589442
590713
591428
592157
592239
593865
593950
594479
594580
594730
596554
596756
597364
598649
598678
599086
599107
599168
599174
599226
599451
599829
601663
602021
602595
602770
602812
603933
604761
606901
607162
608175
608877
608961
609672
611084
613542
613864
613969
615745
615969
616357
618258
618415
618619
618736
619640
620757
621977
623010
623314
624870
625047
625106
625114
627922
628790
629960
630220
630236
630760
631240
631285
633271
633614
635148
637300
639753
641999
642334
644178
644289
644532
646646
646806
646945
647404
648922
648971
649653
649920
650254
651845
652351
653471
653538
655188
655213
655279
655552
655761
657042
659908
660055
660168
660366
660506
660540
661001
661863
661879
662587
662688
664040
664216
664631
664855
664890
664987
665157
665191
665225
665353
665522
665583
665740
667161
667964
669614
670074
671026
671219
671555
671559
672123
673899
674991
675902
676007
676493
676540
676640
676946
678319
678539
679084
679196
679529
680851
681678
681940
683252
683450
683526
683863
684118
684234
685041
685477
685789
685933
686393
686397
686611
687212
687485
688152
688649
689679
689937
690043
690290
690391
690421
690451
690556
691949
692588
692852
693283
694807
694863
695557
695646
695911
696445
698493
699062
699973
700708
701456
701699
702902
703121
703122
703866
704226
704726
704897
706023
706031
706326
706985
709576
709689
709770
710136
711559
711582
711787
711913
712056
712710
714222
714571
714750
715052
715249
717106
717565
717573
719444
719825
720028
721742
721800
723302
723477
723573
725557
725602
725921
727611
728468
728611
729054
729264
729379
729380
729576
731208
731215
732700
733746
734608
735493
735610
735643
736384
738519
739102
739595
739880
740291
741158
742523
744318
744962
745633
745826
747649
747836
749316
750284
750447
750497
750600
751078
752465
752544
752746
752876
753710
754632
754809
754818
754915
756625
757301
757903
758510
758810
758899
759432
759579
759671
759757
759949
760049
760056
761372
761622
761734
761785
762057
762306
762321
762359
762749
762750
762751
762752
763884
764388
764392
764513
764941
765163
766849
767133
767328
768124
769147
769275
769322
770257
772734
773596
774139
774178
774324
774392
775798
776430
776479
776869
777124
779455
779705
781929
781977
782007
783650
785694
785867
786032
786330
788787
789799
790829
790952
791229
795128
795393
795692
795870
796296
796520
798068
798078
798653
798672
798693
798956
799330
800736
800921
801056
801057
801712
802163
802304
803528
804220
804907
806528
806784
806978
808115
809011
809227
809550
810818
810891
811645
812253
812445
814408
814422
814703
814798
814940
815059
816043
816465
817341
819322
820051
820212
820545
820923
821887
822456
822753
822900
822989
823269
823724
824973
825285
826726
826801
827482
829889
830009
830077
830588
830788
831379
832510
832874
832886
832969
833087
833203
834022
834069
835135
835745
835847
835901
836268
836771
838228
838450
838644
838649
838693
838850
839237
840430
840561
840698
841195
841621
841681
843455
843463
843547
844902
844970
845040
845293
845549
846016
846702
847787
848092
848224
848299
848427
848443
848515
848716
849320
849885
850130
850480
850504
850506
850649
850740
850808
850881
850954
851555
852826
852834
853320
853747
853820
855089
855472
855798
855920
856183
856216
857068
857690
858112
858250
858253
858262
858562
858690
860219
860504
860675
860734
861064
862049
862440
862566
862966
863300
863302
863498
864833
864999
865002
865731
866005
866164
867257
867650
869349
869564
870290
870991
871401
871428
872093
872103
872328
873378
873693
873821
873918
873943
873960
874052
874451
875394
875478
875573
875669
875847
875876
876754
878343
878371
879284
879793
879850
880412
880493
880518
880551
880643
880694
882431
882504
882728
882781
882800
883702
883816
885043
885429
885553
885719
885857
886014
888213
888274
888294
888316
888667
890169
890380
890515
891142
892557
893623
894157
894767
895272
898238
898261
898604
898736
899402
899840
899868
900074
901179
901753
901992
902357
903551
903738
903752
903953
904032
904248
904357
904623
904721
904805
905007
905104
906668
906806
906883
907204
908425
909121
909530
909898
910032
910041
911147
911392
911542
911862
913487
913537
914287
915483
916112
916123
916306
916501
917399
918839
919202
919212
919405
919528
919706
920132
920760
921100
921146
921223
921582
923919
924279
924313
924343
924452
924507
924806
924837
925285
927043
927148
927937
929111
929747
929787
930502
931961
932392
933806
934128
934143
934163
934533
934556
935386
935571
935867
937678
937840
938395
938666
938817
938855
939057
939679
940165
940237
940459
941331
941549
943421
943507
943519
944104
945499
945691
946683
947048
947284
947369
948010
948075
949328
950156
950174
950212
950478
950485
951651
952800
952821
953055
954735
955302
955425
955502
955688
955752
955925
957749
958018
958056
958757
958766
959048
960558
960932
961295
961322
961420
963641
963707
963960
963977
964017
965391
966924
968040
968970
970680
970871
971705
972416
973849
974390
974459
974473
974707
974984
975201
975708
975960
977852
977860
979956
980021
980026
980095
980118
980595
981992
984435
985197
986783
986959
986969
987369
987913
989351
989672
989763
990314
991248
991804
991830
992568
992569
992602
992747
992847
992895
995049
995286
996023
996214
998720
998971
999013
999618
1000927
1001181
1001362
1001484
1002780
1002986
1003054
1004932
1005315
1005879
1005895
1006013
1006557
1007606
1007707
1008113
1008289
1008294
1008841
1008968
1009404
1010801
1010988
1011331
1011418
1011496
1012073
1012212
1012350
1013827
1013847
1014312
1014351
1014459
1014761
1014899
1014910
1014947
1014986
1015187
1015347
1016618
1017006
1017611
1017636
1017742
1017758
1017863
1017895
1017958
1018019
1018171
1018224
1018354
1018629
1018710
1018726
1020121
1020141
1020434
1020649
1020885
1021657
1022994
1023044
1023121
1023507
1024117
1025664
1025745
1026198
1026985
1027700
1028395
1028664
1028828
1028906
1029643
1029847
1030720
1031073
1031281
1031737
1031996
1032107
1032361
1033870
1034021
1034989
1035059
1035248
1035514
1038126
1038658
1039396
1039564
1040594
1041942
1043492
1043815
1044418
1045898
1047701
1048387
1048451
1050021
1050326
1050361
1052245
1053216
1053404
1053682
1053788
1054004
1056113
1056286
1056392
1056550
1059523
1060548
1060611
1060684
1060685
1061440
1061610
1061666
1063381
1063425
1063547
1064856
1065639
1065816
1065947
1066889
1068821
1069014
1069315
1069883
1071278
1071681
1072035
1072175
1072356
1072712
1073085
1073755
1073842
1073948
1074222
1074292
1074452
1074775
1075259
1075598
1076615
1076655
1076736
1077076
1077542
1077578
1077728
1077735
1079037
1079140
1079151
1080185
1080997
1081062
1081231
1081292
1081656
1082605
1082622
1083131
1083996
1084453
1084562
1084854
1084994
1085210
1085465
1085848
1086151
1086276
1087072
1087277
1087976
1088144
1088216
1088887
1089631
1089747
1089962
1090027
1090192
1090387
1091936
1093208
1093721
1093779
1093998
1094085
1094173
1094333
1094617
1094695
1094745
1096646
1096679
1097408
1097509
1097525
1099703
1100342
1102408
1102536
1102735
1103219
1104442
1105214
1105271
1108429
1108474
1108825
1108830
1111030
1111975
1114358
1114863
1114984
1115984
1117087
1117634
1117797
1117895
1117935
1122478
1125780
1125881
1126051
1126084
1126240
1126326
1126748
1128033
1128691
1128698
1128761
1129355
1129661
1130311
1131955
1132856
1132902
1133223
1135440
1135441
1135470
1135873
1136102
1136464
1136488
1137127
1139345
1139976
1139983
1141856
1142035
1142454
1143187
1143706
1144228
1145107
1145544
1147124
1147533
1148462
1148537
1148767
1148836
1149785
1150004
1150421
1150845
1151215
1151328
1151466
1151800
1152143
1152175
1152259
1154142
1154356
1154529
1155187
1155351
1155741
1155756
1156624
1157625
1157758
1158113
1158415
1158804
1158967
1158987
1160651
1160653
1160754
1161104
1161749
1162914
1163098
1165750
1166327
1166385
1166391
1166516
1166611
1167862
1167962
1168602
1168621
1168903
1168999
1169058
1169125
1169699
1169950
1171291
1171367
1171951
1172167
1172562
1174010
1174173
1174189
1174467
1175279
1175382
1175476
1175483
1176747
1176794
1177521
1177686
1177845
1179557
1180456
1181211
1182787
1183227
1183249
1185175
1185436
1185608
1185699
1185810
1186073
1187455
1188018
1188083
1188388
1188558
1188679
1189969
1190458
1190560
1191123
1191154
1191191
1191352
1191402
1191440
1192928
1193424
1193513
1193658
1193660
1195116
1195619
1196008
1196108
1197558
1198058
1198422
1199380
1199661
1200522
1200556
1200652
1200810
1200842
1201073
1201164
1202138
1202465
1202468
1202893
1203281
1203390
1204234
1204657
1205175
1205558
1205770
1207128
1207224
1207671
1207681
1207949
1208214
1210493
1210611
1211214
1211474
1211476
1212369
1212477
1212917
1213061
1213250
1213343
1213977
1215471
1215520
1216795
1217107
1217243
1217823
1217840
1217929
1217936
1217981
1218037
1218087
1218180
1218379
1218942
1219124
1219330
1219427
1219726
1219778
1219873
1219903
1220018
1220124
1220193
1220501
1220781
1221752
1221932
1222543
1222576
1222631
1222803
1223110
1223130
1223170
1223213
1223443
1223449
1223569
1224487
1225445
1225936
1226870
1227926
1227973
1228188
1228364
1228540
1228744
1228793
1229813
1229913
1230218
1230553
1230778
1231512
1232744
1234027
1234163
1234664
1234677
1236583
1236643
1236954
1237172
1237219
1237371
1237468
1237512
1237937
1238026
1238066
1238238
1239524
1239546
1239985
1240377
1240976
1242197
1242465
1242591
1242815
1242848
1243177
1243200
1243214
1243301
1243714
1244443
1245464
1245513
1245537
1245546
1247398
1247462
1247826
1248101
1248833
1249613
1250160
1250345
1250884
1252278
1252492
1253710
1254162
1254483
1254804
1255205
1255419
1255597
1255644
1256343
1256663
1257003
1257070
1257412
1257469
1257870
1257911
1258174
1258303
1260101
1260121
1260143
1260436
1260574
1260660
1260875
1262592
1262642
1263302
1263313
1263336
1263496
1263838
1264527
1264838
1264862
1266405
1266484
1266517
1266679
1267217
1267835
1269043
1269195
1269309
1269398
1269417
1271127
1272390
1273448
1274223
1276598
1276727
1277417
1277690
1278610
1278629
1278699
1278722
1279136
1279220
1279245
1279317
1279462
1279506
1279576
1279636
1279752
1279826
1280031
1280122
1281363
1282089
1282586
1283756
1284385
1284452
1284550
1284588
1284691
1284704
1284773
1285611
1285738
1286091
1286352
1286381
1286844
1287680
1288585
1290766
1291048
1291164
1291544
1291875
1293386
1293699
1293768
1293918
1294089
1294318
1294733
1295014
1295652
1295925
1296601
1296627
1296921
1297091
1297239
1297482
1298344
1298910
1298956
1300985
1301392
1301756
1302489
1303154
1304453
1305094
1305139
1305314
1306323
1307034
1307712
1307982
1308089
1308406
1308640
1308797
1309015
1309087
1309882
1310297
1310577
1310648
1310847
1310946
1311900
1312736
1312886
1313045
1313497
1313742
1314048
1314132
1314577
1317792
1319263
1319356
1319359
1319656
1319934
1320000
1320052
1320205
1321188
1321500
1322195
1323659
1323734
1323737
1324462
1325490
1325862
1326216
1327731
1328744
1329886
1330835
1330940
1331484
1331852
1332119
1332899
1333324
1333865
1335054
1336172
1336334
1336450
1336861
1337106
1337991
1338042
1338682
1338841
1339851
1340520
1340789
1342251
1342887
1342893
1342982
1343056
1343247
1343369
1343428
1343495
1344500
1345099
1345158
1345199
1345340
1345466
1345682
1345703
1345794
1345888
1345990
1347556
1347946
1348191
1348827
1349141
1349677
1349767
1350135
1350178
1350345
1350426
1350912
1352434
1352466
1352611
1352755
1352919
1354421
1354505
1354679
1354862
1354934
1355004
1356137
1356592
1357143
1358079
1358140
1358190
1358193
1358354
1358376
1358631
1358739
1359304
1359380
1359416
1359508
1359785
1359793
1359834
1359871
1359918
1360726
1361506
1361582
1362491
1362544
1363001
1364106
1365630
1366269
1366590
1366730
1366958
1368166
1368698
1369056
1369146
1369180
1370782
1370959
1372672
1372820
1373066
1373740
1374692
1374843
1375191
1375255
1375469
1375517
1375551
1375565
1375812
1375962
1377783
1377787
1377852
1377984
1378084
1378121
1378296
1378445
1378475
1379081
1380136
1380210
1380288
1380304
1380401
1380749
1381064
1381820
1382249
1382373
1382449
1382455
1382550
1382726
1382848
1383044
1384254
1384283
1384696
1384762
1385430
1385461
1386120
1386546
1386992
1388333
1388778
1388804
1389113
1389952
1390228
1390429
1391091
1391683
1392947
1393158
1393416
1393468
1394030
1395028
1395080
1395119
1395360
1395647
1395664
1395803
1395969
1396192
1396635
1397434
1397621
1397855
1397892
1397967
1398046
1399873
1400471
1400830
1401250
1401798
1401859
1401934
1402413
1402572
1402699
1404002
1404371
1405492
1405634
1405996
1406013
1406111
1408758
1410863
1410905
1411196
1411973
1411992
1413047
1413139
1413504
1413574
1413621
1413762
1413780
1413822
1414449
1414647
1416975
1417118
1417401
1417854
1418628
1418782
1418868
1419716
1421776
1422452
1423965
1424095
1424506
1425491
1426212
1426573
1426777
1427908
1427909
1428424
1428841
1429817
1430009
1430194
1431097
1431362
1432135
1432148
1432283
1432594
1432604
1433038
1433055
1433105
1433254
1434187
1434248
1434501
1434699
1434950
1435615
1435845
1435953
1436356
1436426
1437371
1438604
1438797
1438859
1438969
1438984
1439137
1439194
1440024
1440275
1440290
1440500
1440620
1440935
1441892
1443024
1443320
1443494
1443665
1443690
1444008
1444099
1444376
1444452
1444509
1444557
1444708
1445567
1445611
1446234
1446368
1446531
1446760
1446970
1447087
1447799
1448877
1449087
1449283
1449321
1449808
1450286
1451276
1451438
1451659
1451825
1452139
1452183
1452809
1453006
1453064
1453250
1453348
1453795
1454596
1454873
1454893
1455192
1456051
1457017
1457550
1457622
1457696
1457706
1458091
1458232
1458409
1458707
1458711
1459120
1459124
1460386
1460639
1461008
1461450
1461627
1461646
1461661
1462624
1462702
1463043
1463608
1463654
1463674
1463693
1463716
1463717
1464413
1464485
1464492
1465252
1466376
1466402
1466495
1467267
1467954
1468002
1468195
1469165
1469630
1469696
1470545
1471018
1471373
1471472
1471609
1472109
1472167
1475172
1476856
1477536
1478144
1478185
1478271
1478554
1479352
1479847
1479920
1480238
1480910
1481059
1482251
1482997
1483203
1483406
1483813
1484129
1485100
1485302
1485376
1485437
1485536
1485627
1485691
1485820
1485884
1486270
1486884
1487232
1488120
1488136
1488312
1490210
1490945
1491413
1492931
1492938
1493341
1493497
1493954
1494022
1494090
1494096
1494114
1494432
1495556
1495627
1495838
1495911
1496017
1496456
1496496
1496667
1496685
1496719
1497276
1497730
1498733
1498775
1499356
1499407
1499496
1499702
1499790
1499852
1500980
1501278
1501387
1501562
1501656
1501928
1502040
1502287
1502528
1502574
1503637
1503754
1504324
1504413
1504474
1505466
1505670
1505685
1506169
1506430
1506588
1506939
1506947
1509998
1511307
1511425
1511972
1512118
1512424
1512437
1513129
1513579
1513821
1514501
1514524
1514625
1515302
1515347
1515387
1515452
1515577
1516722
1517045
1517297
1517667
1517765
1517854
1517910
1518237
1518815
1519657
1520743
1521689
1522550
1523227
1523660
1523676
1524433
1524495
1525318
1525689
1526254
1527020
1528195
1528210
1528312
1528399
1528657
1529163
1529684
1529688
1530178
1530523
1530594
1530622
1530912
1531350
1531819
1532155
1532559
1532743
1533308
1533434
1533507
1533964
1533968
1533998
1534392
1535863
1535981
1536051
1536306
1536413
1537089
1537333
1537405
1537408
1539210
1539592
1540288
1541101
1541368
1541669
1541716
1541743
1542998
1543260
1543570
1543614
1543662
1543908
1544238
1544924
1545544
1546325
1546363
1546937
1546955
1547289
1548009
1548206
1548550
1549158
1549264
1549312
1549647
1549829
1549853
1550068
1551060
1551232
1552440
1552514
1552547
1552779
1552972
1553024
1553308
1554827
1555365
1555592
1555935
1557093
1557465
1557708
1558812
1558817
1560057
1560181
1560271
1560480
1561070
1562375
1562695
1565105
1565162
1565341
1565432
1565490
1565628
1565763
1565939
1565947
1566578
1567840
1569342
1569705
1569901
1570202
1570323
1570593
1570716
1571409
1571971
1572055
1572144
1572365
1572380
1572517
1572597
1573287
1573304
1573681
1573913
1575202
1575854
1576018
1576031
1577836
1578333
1579047
1579060
1579078
1579161
1579190
1579618
1579850
1582197
1582396
1582513
1582989
1583878
1584312
1587206
1587400
1587451
1587725
1588321
1588819
1590745
1590756
1590810
1590904
1591022
1591175
1591258
1591313
1591399
1591483
1591657
1593725
1593766
1593821
1593903
1594017
1594350
1594984
1595240
1595544
1597047
1597051
1597206
1597494
1599129
1599988
1600892
1600903
1601690
1601727
1601792
1602529
1603712
1603739
1604731
1605206
1605322
1605505
1605996
1607632
1607743
1608838
1608840
1608884
1609055
1609911
1610413
1610659
1611282
1611815
1612171
1612278
1612757
1614227
1614463
1614725
1616414
1616830
1617738
1618451
1619914
1620064
1620576
1620624
1620736
1622810
1625589
1626495
1627883
1628278
1629233
1630344
1630673
1630706
1630742
1632675
1633281
1635689
1637341
1638025
1638310
1638532
1638711
1643225
